DEPARTMENT CLASSIFICATION REPORT (Week 4)
======================================================================

Overall Accuracy: 0.6925
Macro F1-Score: 0.4552
Weighted F1-Score: 0.6800

              precision    recall  f1-score   support

       ARNPG       0.00      0.00      0.00         3
       AYUSH       0.74      0.56      0.63        36
       CAGAO       0.00      0.00      0.00         2
       CBODT       0.00      0.00      0.00        10
       CBOEC       0.80      0.39      0.52        31
       DATOM       1.00      0.19      0.32        21
       DBIOT       0.55      0.83      0.66        35
       DCLTR       1.00      0.38      0.55        24
       DCOYA       1.00      0.35      0.52        23
       DDESW       0.76      0.71      0.74        70
       DDPRO       0.00      0.00      0.00        14
       DDRDO       0.00      0.00      0.00         9
       DEABD       0.64      0.35      0.45        20
       DEAID       0.00      0.00      0.00         9
       DEAPR       0.00      0.00      0.00         2
       DEPOJ       1.00      0.43      0.60         7
       DFSHR       0.00      0.00      0.00         7
       DHIND       1.00      0.30      0.46        10
       DHLTH       0.58      0.77      0.66        90
       DHRES       0.71      0.60      0.65        89
       DLGLA       1.00      0.38      0.55        16
       DMAFF       0.48      0.27      0.35        44
       DOAAC       1.00      0.25      0.40        20
       DOAHD       0.00      0.00      0.00         6
       DOARE       0.97      0.99      0.98       293
       DOCAF       1.00      0.21      0.35        19
       DOCND       1.00      0.33      0.50         6
       DOCOM       0.80      0.21      0.33        19
       DOCPC       1.00      0.15      0.27        13
       DODAF       1.00      0.39      0.56        18
       DODIV       1.00      0.09      0.17        11
       DODWS       0.00      0.00      0.00         9
       DOEAF       1.00      0.25      0.40        20
       DOEXP       0.70      0.46      0.55        35
       DOFPD       1.00      0.31      0.47        13
       DOFPI       1.00      0.14      0.25         7
       DOFZR       0.90      0.69      0.78        13
       DOIPP       0.95      0.91      0.93        22
       DOLDR       0.00      0.00      0.00         8
       DONER       0.00      0.00      0.00         5
       DOPAT       0.79      0.42      0.55        45
       DORLD       0.62      0.38      0.47        53
       DORVU       0.95      0.83      0.88        23
       DOSAT       0.85      0.97      0.91       143
       DOSEL       0.97      0.61      0.75        49
       DOSIR       0.76      0.74      0.75        82
       DOSKD       0.55      0.46      0.50        24
       DOTEL       0.00      0.00      0.00        12
       DOURD       0.33      0.89      0.48       345
       DOWCD       1.00      0.47      0.64        17
       DPHAM       0.90      0.84      0.87        43
       DPLNG       0.60      0.19      0.29        47
       DPOST       0.95      0.53      0.68        38
       DPUBE       0.00      0.00      0.00         6
       DSEHE       0.00      0.00      0.00        12
       DSPAC       0.60      0.17      0.26        18
       DSPRT       0.91      0.93      0.92        56
       DTOUR       0.83      0.28      0.42        18
       FADSS       0.82      0.63      0.71       120
       JSOLD       0.57      0.33      0.42        12
       LGVED       0.67      0.41      0.51        29
       MCOAL       0.95      0.88      0.91       125
       MEAPD       1.00      0.41      0.58        22
       MINHA       0.81      0.64      0.71        47
       MINIT       0.68      0.43      0.53        53
       MINPA       0.50      0.09      0.15        11
       MINWR       0.96      0.97      0.97       543
       MMINE       1.00      0.25      0.40        12
       MMSME       1.00      0.38      0.56        13
       MOCAV       0.71      0.58      0.64        86
       MOCOP       1.00      0.60      0.75         5
       MODEF       0.88      0.33      0.48        21
       MOEAF       0.83      0.56      0.67        54
       MOIAB       0.58      0.83      0.68       108
       MOLBR       0.75      0.81      0.78        48
       MOMAF       0.41      0.62      0.49        26
       MONRE       1.00      0.12      0.22         8
       MOPRJ       0.78      0.91      0.84        68
       MORLY       0.00      0.00      0.00         3
       MORTH       0.00      0.00      0.00         8
       MOSJE       0.77      0.61      0.68        28
       MOSPI       1.00      0.60      0.75        10
       MOSTL       0.96      0.91      0.94        88
       MOYAS       0.50      0.09      0.15        11
       MPANG       1.00      0.10      0.18        20
       MPOWR       0.46      0.66      0.54       112
       MSHPG       1.00      0.13      0.24        15
       MTRBL       0.77      0.57      0.66        47
       MTXTL       0.00      0.00      0.00        14
       UIDAI       0.92      0.80      0.86        15

    accuracy                           0.69      3922
   macro avg       0.66      0.40      0.46      3922
weighted avg       0.75      0.69      0.68      3922
